%YAML:1.0
picROI: !!opencv-matrix
   rows: 4
   cols: 1
   dt: d
   data: [       151.000000,
       270.000000,
       149.000000,
       212.000000,
       486.000000,
       648.000000]
