%YAML:1.0
picROI: !!opencv-matrix
   rows: 4
   cols: 1
   dt: d
   data: [       23.000000,
       54.000000,
       149.000000,
       212.000000,
       206.000000,
       275.000000]
