%YAML:1.0
picROI: !!opencv-matrix
   rows: 4
   cols: 1
   dt: d
   data: [       14.000000,
       35.000000,
       149.000000,
       212.000000,
       206.000000,
       275.000000]
